opers={};
aux(:,:,1,1)=[
	1+0i, ;
	0+0i, ];
	
aux(:,:,2,1)=[
	0+0i, ;
	1+0i, ];
	
opers{1}=aux;clear aux;
aux(:,:,1,1)=[
	-1.00069+0i, ;
	0+0i, ];
	
aux(:,:,1,2)=[
	0+0i, ;
	0+0i, ];
	
aux(:,:,1,3)=[
	0+0i, ;
	0.248726+0i, ];
	
aux(:,:,1,4)=[
	-0.175875+0i, ;
	0+0i, ];
	
aux(:,:,2,1)=[
	0+0i, ;
	-1.00069+0i, ];
	
aux(:,:,2,2)=[
	0.248726+0i, ;
	0+0i, ];
	
aux(:,:,2,3)=[
	0+0i, ;
	0+0i, ];
	
aux(:,:,2,4)=[
	0+0i, ;
	0.175875+0i, ];
	
opers{2}=aux;clear aux;
aux(:,:,1,1)=[
	-1.00069+0i, 0+0i, 0+0i, 0.175875+0i, ;
	0+0i, -0.248726+0i, 0+0i, 0+0i, ];
	
aux(:,:,2,1)=[
	0+0i, 0+0i, -0.248726+0i, 0+0i, ;
	-1.00069+0i, 0+0i, 0+0i, -0.175875+0i, ];
	
opers{3}=aux;clear aux;
aux(:,:,1,1)=[
	-1.00069+0i, ;
	0+0i, ];
	
aux(:,:,1,2)=[
	0+0i, ;
	0+0i, ];
	
aux(:,:,1,3)=[
	0+0i, ;
	0.248726+0i, ];
	
aux(:,:,1,4)=[
	-0.175875+0i, ;
	0+0i, ];
	
aux(:,:,2,1)=[
	0+0i, ;
	-1.00069+0i, ];
	
aux(:,:,2,2)=[
	0.248726+0i, ;
	0+0i, ];
	
aux(:,:,2,3)=[
	0+0i, ;
	0+0i, ];
	
aux(:,:,2,4)=[
	0+0i, ;
	0.175875+0i, ];
	
opers{4}=aux;clear aux;
aux(:,:,1,1)=[
	-1.00069+0i, 0+0i, 0+0i, 0.175875+0i, ;
	0+0i, -0.248726+0i, 0+0i, 0+0i, ];
	
aux(:,:,2,1)=[
	0+0i, 0+0i, -0.248726+0i, 0+0i, ;
	-1.00069+0i, 0+0i, 0+0i, -0.175875+0i, ];
	
opers{5}=aux;clear aux;
aux(:,:,1,1)=[
	-1.00069+0i, ;
	0+0i, ];
	
aux(:,:,1,2)=[
	0+0i, ;
	0+0i, ];
	
aux(:,:,1,3)=[
	0+0i, ;
	0.248726+0i, ];
	
aux(:,:,1,4)=[
	-0.175875+0i, ;
	0+0i, ];
	
aux(:,:,2,1)=[
	0+0i, ;
	-1.00069+0i, ];
	
aux(:,:,2,2)=[
	0.248726+0i, ;
	0+0i, ];
	
aux(:,:,2,3)=[
	0+0i, ;
	0+0i, ];
	
aux(:,:,2,4)=[
	0+0i, ;
	0.175875+0i, ];
	
opers{6}=aux;clear aux;
aux(:,:,1,1)=[
	-1.00069+0i, 0+0i, 0+0i, 0.175875+0i, ;
	0+0i, -0.248726+0i, 0+0i, 0+0i, ];
	
aux(:,:,2,1)=[
	0+0i, 0+0i, -0.248726+0i, 0+0i, ;
	-1.00069+0i, 0+0i, 0+0i, -0.175875+0i, ];
	
opers{7}=aux;clear aux;
aux(:,:,1,1)=[
	-1.00069+0i, ;
	0+0i, ];
	
aux(:,:,1,2)=[
	0+0i, ;
	0+0i, ];
	
aux(:,:,1,3)=[
	0+0i, ;
	0.248726+0i, ];
	
aux(:,:,1,4)=[
	-0.175875+0i, ;
	0+0i, ];
	
aux(:,:,2,1)=[
	0+0i, ;
	-1.00069+0i, ];
	
aux(:,:,2,2)=[
	0.248726+0i, ;
	0+0i, ];
	
aux(:,:,2,3)=[
	0+0i, ;
	0+0i, ];
	
aux(:,:,2,4)=[
	0+0i, ;
	0.175875+0i, ];
	
opers{8}=aux;clear aux;
aux(:,:,1,1)=[
	-1.00069+0i, 0+0i, 0+0i, 0.175875+0i, ;
	0+0i, -0.248726+0i, 0+0i, 0+0i, ];
	
aux(:,:,2,1)=[
	0+0i, 0+0i, -0.248726+0i, 0+0i, ;
	-1.00069+0i, 0+0i, 0+0i, -0.175875+0i, ];
	
opers{9}=aux;clear aux;
aux(:,:,1,1)=[
	-1.00069+0i, ;
	0+0i, ];
	
aux(:,:,1,2)=[
	0+0i, ;
	0+0i, ];
	
aux(:,:,1,3)=[
	0+0i, ;
	0.248726+0i, ];
	
aux(:,:,1,4)=[
	-0.175875+0i, ;
	0+0i, ];
	
aux(:,:,2,1)=[
	0+0i, ;
	-1.00069+0i, ];
	
aux(:,:,2,2)=[
	0.248726+0i, ;
	0+0i, ];
	
aux(:,:,2,3)=[
	0+0i, ;
	0+0i, ];
	
aux(:,:,2,4)=[
	0+0i, ;
	0.175875+0i, ];
	
opers{10}=aux;clear aux;
aux(:,:,1,1)=[
	-1.00069+0i, 0+0i, 0+0i, 0.175875+0i, ;
	0+0i, -0.248726+0i, 0+0i, 0+0i, ];
	
aux(:,:,2,1)=[
	0+0i, 0+0i, -0.248726+0i, 0+0i, ;
	-1.00069+0i, 0+0i, 0+0i, -0.175875+0i, ];
	
opers{11}=aux;clear aux;
aux(:,:,1,1)=[
	-1.00069+0i, ;
	0+0i, ];
	
aux(:,:,1,2)=[
	0+0i, ;
	0+0i, ];
	
aux(:,:,1,3)=[
	0+0i, ;
	0.248726+0i, ];
	
aux(:,:,1,4)=[
	-0.175875+0i, ;
	0+0i, ];
	
aux(:,:,2,1)=[
	0+0i, ;
	-1.00069+0i, ];
	
aux(:,:,2,2)=[
	0.248726+0i, ;
	0+0i, ];
	
aux(:,:,2,3)=[
	0+0i, ;
	0+0i, ];
	
aux(:,:,2,4)=[
	0+0i, ;
	0.175875+0i, ];
	
opers{12}=aux;clear aux;
aux(:,:,1,1)=[
	-1.00069+0i, 0+0i, 0+0i, 0.175875+0i, ;
	0+0i, -0.248726+0i, 0+0i, 0+0i, ];
	
aux(:,:,2,1)=[
	0+0i, 0+0i, -0.248726+0i, 0+0i, ;
	-1.00069+0i, 0+0i, 0+0i, -0.175875+0i, ];
	
opers{13}=aux;clear aux;
aux(:,:,1,1)=[
	-1.00069+0i, ;
	0+0i, ];
	
aux(:,:,1,2)=[
	0+0i, ;
	0+0i, ];
	
aux(:,:,1,3)=[
	0+0i, ;
	0.248726+0i, ];
	
aux(:,:,1,4)=[
	-0.175875+0i, ;
	0+0i, ];
	
aux(:,:,2,1)=[
	0+0i, ;
	-1.00069+0i, ];
	
aux(:,:,2,2)=[
	0.248726+0i, ;
	0+0i, ];
	
aux(:,:,2,3)=[
	0+0i, ;
	0+0i, ];
	
aux(:,:,2,4)=[
	0+0i, ;
	0.175875+0i, ];
	
opers{14}=aux;clear aux;
aux(:,:,1,1)=[
	-1.00069+0i, 0+0i, 0+0i, 0.175875+0i, ;
	0+0i, -0.248726+0i, 0+0i, 0+0i, ];
	
aux(:,:,2,1)=[
	0+0i, 0+0i, -0.248726+0i, 0+0i, ;
	-1.00069+0i, 0+0i, 0+0i, -0.175875+0i, ];
	
opers{15}=aux;clear aux;
aux(:,:,1,1)=[
	-1.00069+0i, ;
	0+0i, ];
	
aux(:,:,1,2)=[
	0+0i, ;
	0+0i, ];
	
aux(:,:,1,3)=[
	0+0i, ;
	0.248726+0i, ];
	
aux(:,:,1,4)=[
	-0.175875+0i, ;
	0+0i, ];
	
aux(:,:,2,1)=[
	0+0i, ;
	-1.00069+0i, ];
	
aux(:,:,2,2)=[
	0.248726+0i, ;
	0+0i, ];
	
aux(:,:,2,3)=[
	0+0i, ;
	0+0i, ];
	
aux(:,:,2,4)=[
	0+0i, ;
	0.175875+0i, ];
	
opers{16}=aux;clear aux;
aux(:,:,1,1)=[
	-1.00069+0i, 0+0i, 0+0i, 0.175875+0i, ;
	0+0i, -0.248726+0i, 0+0i, 0+0i, ];
	
aux(:,:,2,1)=[
	0+0i, 0+0i, -0.248726+0i, 0+0i, ;
	-1.00069+0i, 0+0i, 0+0i, -0.175875+0i, ];
	
opers{17}=aux;clear aux;
aux(:,:,1,1)=[
	-1.00069+0i, ;
	0+0i, ];
	
aux(:,:,1,2)=[
	0+0i, ;
	0+0i, ];
	
aux(:,:,1,3)=[
	0+0i, ;
	0.248726+0i, ];
	
aux(:,:,1,4)=[
	-0.175875+0i, ;
	0+0i, ];
	
aux(:,:,2,1)=[
	0+0i, ;
	-1.00069+0i, ];
	
aux(:,:,2,2)=[
	0.248726+0i, ;
	0+0i, ];
	
aux(:,:,2,3)=[
	0+0i, ;
	0+0i, ];
	
aux(:,:,2,4)=[
	0+0i, ;
	0.175875+0i, ];
	
opers{18}=aux;clear aux;
aux(:,:,1,1)=[
	-1.00069+0i, 0+0i, 0+0i, 0.175875+0i, ;
	0+0i, -0.248726+0i, 0+0i, 0+0i, ];
	
aux(:,:,2,1)=[
	0+0i, 0+0i, -0.248726+0i, 0+0i, ;
	-1.00069+0i, 0+0i, 0+0i, -0.175875+0i, ];
	
opers{19}=aux;clear aux;
aux(:,:,1,1)=[
	1+0i, ;
	0+0i, ];
	
aux(:,:,2,1)=[
	0+0i, ;
	1+0i, ];
	
opers{20}=aux;clear aux;
