opers={};
aux(:,:,1,1)=[
	1+0i, ;
	0+0i, ];
	
aux(:,:,1,2)=[
	0+0i, ;
	0.92371+0i, ];
	
aux(:,:,1,3)=[
	0+0i, ;
	0+0.610353i, ];
	
aux(:,:,1,4)=[
	0.455229+0i, ;
	0+0i, ];
	
aux(:,:,1,5)=[
	0+0i, ;
	0+0i, ];
	
aux(:,:,2,1)=[
	0+0i, ;
	1+0i, ];
	
aux(:,:,2,2)=[
	0.92371+0i, ;
	0+0i, ];
	
aux(:,:,2,3)=[
	0-0.610353i, ;
	0+0i, ];
	
aux(:,:,2,4)=[
	0+0i, ;
	-0.455229+0i, ];
	
aux(:,:,2,5)=[
	0+0i, ;
	0+0i, ];
	
opers{1}=aux;clear aux;
aux(:,:,1,1)=[
	1+0i, 0+0i, 0+0i, 0+0i, 0+0i, ;
	0+0i, 0+0i, 0+0i, 0+0i, 0+0i, ];
	
aux(:,:,1,2)=[
	0+0i, 0+0i, 0+0i, 0+0i, 0+0i, ;
	1.18715+0i, 0+0i, 0+0i, 0+0i, 0+0i, ];
	
aux(:,:,1,3)=[
	0+0i, 0+0i, 0+0i, 0+0i, 0+0i, ;
	0+0.813665i, 0+0i, 0+0i, 0+0i, 0+0i, ];
	
aux(:,:,1,4)=[
	0.71084+0i, 0+0i, 0+0i, 0+0i, 0+0i, ;
	0+0i, 0+0i, 0+0i, 0+0i, 0+0i, ];
	
aux(:,:,1,5)=[
	0+0i, 0+0i, 0+0i, 0.5+0i, 1+0i, ;
	0+0i, 0.5+0i, 0+0.5i, 0+0i, 0+0i, ];
	
aux(:,:,2,1)=[
	0+0i, 0+0i, 0+0i, 0+0i, 0+0i, ;
	1+0i, 0+0i, 0+0i, 0+0i, 0+0i, ];
	
aux(:,:,2,2)=[
	1.18715+0i, 0+0i, 0+0i, 0+0i, 0+0i, ;
	0+0i, 0+0i, 0+0i, 0+0i, 0+0i, ];
	
aux(:,:,2,3)=[
	0-0.813665i, 0+0i, 0+0i, 0+0i, 0+0i, ;
	0+0i, 0+0i, 0+0i, 0+0i, 0+0i, ];
	
aux(:,:,2,4)=[
	0+0i, 0+0i, 0+0i, 0+0i, 0+0i, ;
	-0.71084+0i, 0+0i, 0+0i, 0+0i, 0+0i, ];
	
aux(:,:,2,5)=[
	0+0i, 0.5+0i, 0-0.5i, 0+0i, 0+0i, ;
	0+0i, 0+0i, 0+0i, -0.5+0i, 1+0i, ];
	
opers{2}=aux;clear aux;
aux(:,:,1,1)=[
	1+0i, 0+0i, 0+0i, 0+0i, 0+0i, ;
	0+0i, 0+0i, 0+0i, 0+0i, 0+0i, ];
	
aux(:,:,1,2)=[
	0+0i, 0+0i, 0+0i, 0+0i, 0+0i, ;
	1.29464+0i, 0+0i, 0+0i, 0+0i, 0+0i, ];
	
aux(:,:,1,3)=[
	0+0i, 0+0i, 0+0i, 0+0i, 0+0i, ;
	0+1.58004i, 0+0i, 0+0i, 0+0i, 0+0i, ];
	
aux(:,:,1,4)=[
	-1.53202+0i, 0+0i, 0+0i, 0+0i, 0+0i, ;
	0+0i, 0+0i, 0+0i, 0+0i, 0+0i, ];
	
aux(:,:,1,5)=[
	0+0i, 0+0i, 0+0i, 0.5+0i, 1+0i, ;
	0+0i, 0.5+0i, 0+0.5i, 0+0i, 0+0i, ];
	
aux(:,:,2,1)=[
	0+0i, 0+0i, 0+0i, 0+0i, 0+0i, ;
	1+0i, 0+0i, 0+0i, 0+0i, 0+0i, ];
	
aux(:,:,2,2)=[
	1.29464+0i, 0+0i, 0+0i, 0+0i, 0+0i, ;
	0+0i, 0+0i, 0+0i, 0+0i, 0+0i, ];
	
aux(:,:,2,3)=[
	0-1.58004i, 0+0i, 0+0i, 0+0i, 0+0i, ;
	0+0i, 0+0i, 0+0i, 0+0i, 0+0i, ];
	
aux(:,:,2,4)=[
	0+0i, 0+0i, 0+0i, 0+0i, 0+0i, ;
	1.53202+0i, 0+0i, 0+0i, 0+0i, 0+0i, ];
	
aux(:,:,2,5)=[
	0+0i, 0.5+0i, 0-0.5i, 0+0i, 0+0i, ;
	0+0i, 0+0i, 0+0i, -0.5+0i, 1+0i, ];
	
opers{3}=aux;clear aux;
aux(:,:,1,1)=[
	1+0i, 0+0i, 0+0i, 0+0i, 0+0i, ;
	0+0i, 0+0i, 0+0i, 0+0i, 0+0i, ];
	
aux(:,:,1,2)=[
	0+0i, 0+0i, 0+0i, 0+0i, 0+0i, ;
	0.29231+0i, 0+0i, 0+0i, 0+0i, 0+0i, ];
	
aux(:,:,1,3)=[
	0+0i, 0+0i, 0+0i, 0+0i, 0+0i, ;
	0+1.38253i, 0+0i, 0+0i, 0+0i, 0+0i, ];
	
aux(:,:,1,4)=[
	-1.98951+0i, 0+0i, 0+0i, 0+0i, 0+0i, ;
	0+0i, 0+0i, 0+0i, 0+0i, 0+0i, ];
	
aux(:,:,1,5)=[
	0+0i, 0+0i, 0+0i, 0.5+0i, 1+0i, ;
	0+0i, 0.5+0i, 0+0.5i, 0+0i, 0+0i, ];
	
aux(:,:,2,1)=[
	0+0i, 0+0i, 0+0i, 0+0i, 0+0i, ;
	1+0i, 0+0i, 0+0i, 0+0i, 0+0i, ];
	
aux(:,:,2,2)=[
	0.29231+0i, 0+0i, 0+0i, 0+0i, 0+0i, ;
	0+0i, 0+0i, 0+0i, 0+0i, 0+0i, ];
	
aux(:,:,2,3)=[
	0-1.38253i, 0+0i, 0+0i, 0+0i, 0+0i, ;
	0+0i, 0+0i, 0+0i, 0+0i, 0+0i, ];
	
aux(:,:,2,4)=[
	0+0i, 0+0i, 0+0i, 0+0i, 0+0i, ;
	1.98951+0i, 0+0i, 0+0i, 0+0i, 0+0i, ];
	
aux(:,:,2,5)=[
	0+0i, 0.5+0i, 0-0.5i, 0+0i, 0+0i, ;
	0+0i, 0+0i, 0+0i, -0.5+0i, 1+0i, ];
	
opers{4}=aux;clear aux;
aux(:,:,1,1)=[
	1+0i, 0+0i, 0+0i, 0+0i, 0+0i, ;
	0+0i, 0+0i, 0+0i, 0+0i, 0+0i, ];
	
aux(:,:,1,2)=[
	0+0i, 0+0i, 0+0i, 0+0i, 0+0i, ;
	-1.25854+0i, 0+0i, 0+0i, 0+0i, 0+0i, ];
	
aux(:,:,1,3)=[
	0+0i, 0+0i, 0+0i, 0+0i, 0+0i, ;
	0+0.215699i, 0+0i, 0+0i, 0+0i, 0+0i, ];
	
aux(:,:,1,4)=[
	-0.385838+0i, 0+0i, 0+0i, 0+0i, 0+0i, ;
	0+0i, 0+0i, 0+0i, 0+0i, 0+0i, ];
	
aux(:,:,1,5)=[
	0+0i, 0+0i, 0+0i, 0.5+0i, 1+0i, ;
	0+0i, 0.5+0i, 0+0.5i, 0+0i, 0+0i, ];
	
aux(:,:,2,1)=[
	0+0i, 0+0i, 0+0i, 0+0i, 0+0i, ;
	1+0i, 0+0i, 0+0i, 0+0i, 0+0i, ];
	
aux(:,:,2,2)=[
	-1.25854+0i, 0+0i, 0+0i, 0+0i, 0+0i, ;
	0+0i, 0+0i, 0+0i, 0+0i, 0+0i, ];
	
aux(:,:,2,3)=[
	0-0.215699i, 0+0i, 0+0i, 0+0i, 0+0i, ;
	0+0i, 0+0i, 0+0i, 0+0i, 0+0i, ];
	
aux(:,:,2,4)=[
	0+0i, 0+0i, 0+0i, 0+0i, 0+0i, ;
	0.385838+0i, 0+0i, 0+0i, 0+0i, 0+0i, ];
	
aux(:,:,2,5)=[
	0+0i, 0.5+0i, 0-0.5i, 0+0i, 0+0i, ;
	0+0i, 0+0i, 0+0i, -0.5+0i, 1+0i, ];
	
opers{5}=aux;clear aux;
aux(:,:,1,1)=[
	1+0i, 0+0i, 0+0i, 0+0i, 0+0i, ;
	0+0i, 0+0i, 0+0i, 0+0i, 0+0i, ];
	
aux(:,:,1,2)=[
	0+0i, 0+0i, 0+0i, 0+0i, 0+0i, ;
	-0.397855+0i, 0+0i, 0+0i, 0+0i, 0+0i, ];
	
aux(:,:,1,3)=[
	0+0i, 0+0i, 0+0i, 0+0i, 0+0i, ;
	0+0.942891i, 0+0i, 0+0i, 0+0i, 0+0i, ];
	
aux(:,:,1,4)=[
	-1.6975+0i, 0+0i, 0+0i, 0+0i, 0+0i, ;
	0+0i, 0+0i, 0+0i, 0+0i, 0+0i, ];
	
aux(:,:,1,5)=[
	0+0i, 0+0i, 0+0i, 0.5+0i, 1+0i, ;
	0+0i, 0.5+0i, 0+0.5i, 0+0i, 0+0i, ];
	
aux(:,:,2,1)=[
	0+0i, 0+0i, 0+0i, 0+0i, 0+0i, ;
	1+0i, 0+0i, 0+0i, 0+0i, 0+0i, ];
	
aux(:,:,2,2)=[
	-0.397855+0i, 0+0i, 0+0i, 0+0i, 0+0i, ;
	0+0i, 0+0i, 0+0i, 0+0i, 0+0i, ];
	
aux(:,:,2,3)=[
	0-0.942891i, 0+0i, 0+0i, 0+0i, 0+0i, ;
	0+0i, 0+0i, 0+0i, 0+0i, 0+0i, ];
	
aux(:,:,2,4)=[
	0+0i, 0+0i, 0+0i, 0+0i, 0+0i, ;
	1.6975+0i, 0+0i, 0+0i, 0+0i, 0+0i, ];
	
aux(:,:,2,5)=[
	0+0i, 0.5+0i, 0-0.5i, 0+0i, 0+0i, ;
	0+0i, 0+0i, 0+0i, -0.5+0i, 1+0i, ];
	
opers{6}=aux;clear aux;
aux(:,:,1,1)=[
	1+0i, 0+0i, 0+0i, 0+0i, 0+0i, ;
	0+0i, 0+0i, 0+0i, 0+0i, 0+0i, ];
	
aux(:,:,1,2)=[
	0+0i, 0+0i, 0+0i, 0+0i, 0+0i, ;
	0.119879+0i, 0+0i, 0+0i, 0+0i, 0+0i, ];
	
aux(:,:,1,3)=[
	0+0i, 0+0i, 0+0i, 0+0i, 0+0i, ;
	0-1.31672i, 0+0i, 0+0i, 0+0i, 0+0i, ];
	
aux(:,:,1,4)=[
	-1.59889+0i, 0+0i, 0+0i, 0+0i, 0+0i, ;
	0+0i, 0+0i, 0+0i, 0+0i, 0+0i, ];
	
aux(:,:,1,5)=[
	0+0i, 0+0i, 0+0i, 0.5+0i, 1+0i, ;
	0+0i, 0.5+0i, 0+0.5i, 0+0i, 0+0i, ];
	
aux(:,:,2,1)=[
	0+0i, 0+0i, 0+0i, 0+0i, 0+0i, ;
	1+0i, 0+0i, 0+0i, 0+0i, 0+0i, ];
	
aux(:,:,2,2)=[
	0.119879+0i, 0+0i, 0+0i, 0+0i, 0+0i, ;
	0+0i, 0+0i, 0+0i, 0+0i, 0+0i, ];
	
aux(:,:,2,3)=[
	0+1.31672i, 0+0i, 0+0i, 0+0i, 0+0i, ;
	0+0i, 0+0i, 0+0i, 0+0i, 0+0i, ];
	
aux(:,:,2,4)=[
	0+0i, 0+0i, 0+0i, 0+0i, 0+0i, ;
	1.59889+0i, 0+0i, 0+0i, 0+0i, 0+0i, ];
	
aux(:,:,2,5)=[
	0+0i, 0.5+0i, 0-0.5i, 0+0i, 0+0i, ;
	0+0i, 0+0i, 0+0i, -0.5+0i, 1+0i, ];
	
opers{7}=aux;clear aux;
aux(:,:,1,1)=[
	1+0i, 0+0i, 0+0i, 0+0i, 0+0i, ;
	0+0i, 0+0i, 0+0i, 0+0i, 0+0i, ];
	
aux(:,:,1,2)=[
	0+0i, 0+0i, 0+0i, 0+0i, 0+0i, ;
	1.62451+0i, 0+0i, 0+0i, 0+0i, 0+0i, ];
	
aux(:,:,1,3)=[
	0+0i, 0+0i, 0+0i, 0+0i, 0+0i, ;
	0+1.37272i, 0+0i, 0+0i, 0+0i, 0+0i, ];
	
aux(:,:,1,4)=[
	-1.42207+0i, 0+0i, 0+0i, 0+0i, 0+0i, ;
	0+0i, 0+0i, 0+0i, 0+0i, 0+0i, ];
	
aux(:,:,1,5)=[
	0+0i, 0+0i, 0+0i, 0.5+0i, 1+0i, ;
	0+0i, 0.5+0i, 0+0.5i, 0+0i, 0+0i, ];
	
aux(:,:,2,1)=[
	0+0i, 0+0i, 0+0i, 0+0i, 0+0i, ;
	1+0i, 0+0i, 0+0i, 0+0i, 0+0i, ];
	
aux(:,:,2,2)=[
	1.62451+0i, 0+0i, 0+0i, 0+0i, 0+0i, ;
	0+0i, 0+0i, 0+0i, 0+0i, 0+0i, ];
	
aux(:,:,2,3)=[
	0-1.37272i, 0+0i, 0+0i, 0+0i, 0+0i, ;
	0+0i, 0+0i, 0+0i, 0+0i, 0+0i, ];
	
aux(:,:,2,4)=[
	0+0i, 0+0i, 0+0i, 0+0i, 0+0i, ;
	1.42207+0i, 0+0i, 0+0i, 0+0i, 0+0i, ];
	
aux(:,:,2,5)=[
	0+0i, 0.5+0i, 0-0.5i, 0+0i, 0+0i, ;
	0+0i, 0+0i, 0+0i, -0.5+0i, 1+0i, ];
	
opers{8}=aux;clear aux;
aux(:,:,1,1)=[
	1+0i, 0+0i, 0+0i, 0+0i, 0+0i, ;
	0+0i, 0+0i, 0+0i, 0+0i, 0+0i, ];
	
aux(:,:,1,2)=[
	0+0i, 0+0i, 0+0i, 0+0i, 0+0i, ;
	-0.0169313+0i, 0+0i, 0+0i, 0+0i, 0+0i, ];
	
aux(:,:,1,3)=[
	0+0i, 0+0i, 0+0i, 0+0i, 0+0i, ;
	0+1.03316i, 0+0i, 0+0i, 0+0i, 0+0i, ];
	
aux(:,:,1,4)=[
	0.508874+0i, 0+0i, 0+0i, 0+0i, 0+0i, ;
	0+0i, 0+0i, 0+0i, 0+0i, 0+0i, ];
	
aux(:,:,1,5)=[
	0+0i, 0+0i, 0+0i, 0.5+0i, 1+0i, ;
	0+0i, 0.5+0i, 0+0.5i, 0+0i, 0+0i, ];
	
aux(:,:,2,1)=[
	0+0i, 0+0i, 0+0i, 0+0i, 0+0i, ;
	1+0i, 0+0i, 0+0i, 0+0i, 0+0i, ];
	
aux(:,:,2,2)=[
	-0.0169313+0i, 0+0i, 0+0i, 0+0i, 0+0i, ;
	0+0i, 0+0i, 0+0i, 0+0i, 0+0i, ];
	
aux(:,:,2,3)=[
	0-1.03316i, 0+0i, 0+0i, 0+0i, 0+0i, ;
	0+0i, 0+0i, 0+0i, 0+0i, 0+0i, ];
	
aux(:,:,2,4)=[
	0+0i, 0+0i, 0+0i, 0+0i, 0+0i, ;
	-0.508874+0i, 0+0i, 0+0i, 0+0i, 0+0i, ];
	
aux(:,:,2,5)=[
	0+0i, 0.5+0i, 0-0.5i, 0+0i, 0+0i, ;
	0+0i, 0+0i, 0+0i, -0.5+0i, 1+0i, ];
	
opers{9}=aux;clear aux;
aux(:,:,1,1)=[
	1+0i, 0+0i, 0+0i, 0+0i, 0+0i, ;
	0+0i, 0+0i, 0+0i, 0+0i, 0+0i, ];
	
aux(:,:,1,2)=[
	0+0i, 0+0i, 0+0i, 0+0i, 0+0i, ;
	-0.153177+0i, 0+0i, 0+0i, 0+0i, 0+0i, ];
	
