tensors={};
aux(:,:,1)=[
	-0.872617-0.0950559i, ;
	-0.179859-0.44402i, ];
	
aux(:,:,2)=[
	0.278314-0.389929i, ;
	-0.870763-0.110767i, ];
	
tensors{1}=aux;clear aux;
aux(:,:,1)=[
	-0.267357-0.0259245i, -0.27963-0.122555i, ;
	-0.3998-0.67171i, -0.206992-0.425154i, ];
	
aux(:,:,2)=[
	-0.321858-0.599271i, -0.492835-0.0869356i, ;
	0.0904532+0.47669i, -0.0717217-0.215126i, ];
	
aux(:,:,3)=[
	0.194867+0.639342i, -0.571185-0.291034i, ;
	0.158619+0.184857i, 0.175353-0.22855i, ];
	
aux(:,:,4)=[
	0.0435191-0.128472i, -0.4446-0.218452i, ;
	0.0656735-0.299843i, -0.0974843+0.795292i, ];
	
tensors{2}=aux;clear aux;
aux(:,:,1)=[
	-0.33633-0.0499201i, -0.159892-0.326727i, -0.372286-0.27791i, -0.0725774-0.246615i, ;
	-0.225498-0.260278i, -0.0983616-0.196666i, -0.228382-0.351353i, -0.211686-0.287737i, ];
	
aux(:,:,2)=[
	-0.0178025+0.543361i, 0.455414+0.0675206i, -0.302252-0.187322i, -0.122399+0.211645i, ;
	-0.172614-0.0344146i, 0.122389-0.116511i, 0.183966-0.293i, 0.152095+0.322338i, ];
	
aux(:,:,3)=[
	-0.23272-0.328464i, 0.0588032+0.0893018i, -0.317074+0.395132i, 0.274162+0.106941i, ;
	-0.0353715-0.46035i, 0.213934+0.308361i, -0.116888-0.0766373i, 0.170135+0.284155i, ];
	
aux(:,:,4)=[
	-0.0134158-0.187918i, -0.0122634+0.123815i, 0.159462+0.231162i, -0.492622-0.067493i, ;
	0.322616-0.141443i, -0.00420241-0.552754i, -0.227269-0.220927i, 0.131328+0.274921i, ];
	
aux(:,:,5)=[
	-0.139473-0.349107i, 0.427463-0.095222i, -0.181117+0.0388692i, 0.0524148-0.372918i, ;
	-0.167463+0.292543i, -0.452009-0.118153i, 0.153566+0.223268i, 0.0176899+0.291735i, ];
	
tensors{3}=aux;clear aux;
aux(:,:,1)=[
	-0.307003-0.260596i, -0.107007-0.111762i, -0.143792-0.0839529i, -0.286319-0.0471572i, -0.351965-0.334298i, ;
	-0.332151-0.157773i, -0.102933-0.375958i, -0.260128-0.0166464i, -0.16534-0.118245i, -0.251478-0.0817115i, ];
	
aux(:,:,2)=[
	0.23766-0.133368i, 0.506176+0.0799324i, -0.110229+0.136376i, -0.316457-0.0192311i, 0.052914-0.288279i, ;
	0.0708497+0.0756471i, 0.0809645+0.0468675i, -0.0694406+0.481561i, 0.0114549+0.0275339i, -0.076063+0.427863i, ];
	
aux(:,:,3)=[
	0.0824439-0.226401i, -0.212023+0.196838i, -0.0203197+0.0397361i, 0.34357+0.316825i, -0.0980061+0.0701121i, ;
	0.150143+0.029832i, 0.346775-0.416023i, -0.277134+0.325993i, 0.189387+0.285728i, 0.0217443-0.0741581i, ];
	
aux(:,:,4)=[
	0.278506+0.0474331i, 0.0718905-0.411021i, 0.0400372+0.251694i, 0.0319611-0.296129i, -0.00901883+0.178764i, ;
	0.188868+0.0927209i, -0.329163-0.359356i, -0.410321-0.170657i, -0.0830816+0.140138i, 0.199322+0.121908i, ];
	
aux(:,:,5)=[
	0.28738-0.0516663i, 0.0253388+0.0791193i, -0.522017-0.432185i, 0.0866134+0.0442945i, -0.309634-0.21843i, ;
	0.288064+0.118597i, -0.336955+0.0999489i, 0.0869737-0.0625864i, 0.0632605+0.10633i, 0.129975-0.176776i, ];
	
tensors{4}=aux;clear aux;
aux(:,:,1)=[
	-0.346015-0.0942416i, -0.0287217-0.349183i, -0.368253-0.126266i, -0.287391-0.0602456i, -0.0934962-0.0599155i, ;
	-0.247616-0.359183i, -0.0529793-0.104395i, -0.266781-0.172577i, -0.33689-0.0425257i, -0.279046-0.0193356i, ];
	
aux(:,:,2)=[
	0.142985-0.342722i, -0.138201+0.0863696i, 0.106926+0.183926i, -0.00022464-0.155097i, -0.203768-0.0803719i, ;
	0.0551087+0.213106i, -0.405254-0.492956i, -0.363839+0.128966i, 0.166226-0.101759i, -0.228878-0.152217i, ];
	
aux(:,:,3)=[
	-0.142823+0.0938434i, -0.197625-0.0738094i, -0.164058-0.206085i, 0.402179-0.461499i, 0.224253-0.438415i, ;
	-0.225996+0.0731175i, -0.0965756+0.132837i, 0.153407+0.24785i, 0.192238-0.000172169i, -0.185209+0.00806563i, ];
	
aux(:,:,4)=[
	0.355994+0.157556i, -0.0246115-0.137839i, 0.0324415+0.034277i, -0.130927+0.328618i, 0.123065-0.314631i, ;
	-0.00781541-0.413199i, -0.136131-0.177247i, 0.132231+0.116928i, 0.216305-0.348053i, -0.0912554+0.398981i, ];
	
aux(:,:,5)=[
	-0.222326-0.220651i, 0.394119+0.174101i, -0.0800047+0.3652i, -0.159361-0.202852i, 0.346184-0.224493i, ;
	-0.101425-0.128475i, -0.0812573-0.180618i, -0.0139624+0.113031i, -0.027121+0.170878i, 0.448908+0.171009i, ];
	
tensors{5}=aux;clear aux;
aux(:,:,1)=[
	-0.10486-0.306014i, -0.248228-0.145412i, -0.182427-0.241846i, -0.138757-0.14166i, -0.0697615-0.234349i, ;
	-0.25971-0.274179i, -0.292617-0.115908i, -0.283186-0.292717i, -0.0869517-0.309677i, -0.193822-0.270433i, ];
	
aux(:,:,2)=[
	0.00816353-0.153808i, 0.195933+0.385841i, -0.141169+0.100417i, 0.289939+0.397762i, 0.212846-0.221665i, ;
	-0.137172-0.224119i, 0.0842475+0.194043i, -0.288616-0.193353i, 0.14166-0.175691i, 0.313824+0.195914i, ];
	
aux(:,:,3)=[
	0.403794+0.158497i, -0.181241-0.178772i, 0.373716+0.443317i, 0.195546+0.0412287i, 0.0905015-0.153329i, ;
	0.136942+0.102988i, -0.125159+0.126309i, -0.322359-0.118815i, 0.00646014-0.162457i, -0.365007+0.0226943i, ];
	
aux(:,:,4)=[
	-0.212593-0.0990136i, -0.209832+0.0510188i, 0.214848-0.197165i, 0.342215+0.10541i, 0.387962+0.279147i, ;
	-0.183132+0.32296i, -0.264878+0.151143i, 0.242153+0.149256i, 0.0775526-0.331834i, -0.0026763-0.169643i, ];
	
aux(:,:,5)=[
	-0.0797963-0.101076i, 0.115322+0.537332i, 0.188624+0.151525i, -0.39456-0.173317i, 0.104318+0.00458347i, ;
	0.107277+0.295295i, 0.0862855-0.386772i, -0.193925+0.0132974i, 0.225734-0.232271i, -0.0577313-0.15641i, ];
	
tensors{6}=aux;clear aux;
aux(:,:,1)=[
	-0.158416-0.340595i, -0.11538-0.387345i, -0.222118-0.259472i, -0.114599-0.388019i, -0.000948917-0.273175i, ;
	-0.307637-0.0924534i, -0.0971777-0.357935i, -0.157814-0.0533442i, -0.0913564-0.198471i, -0.106014-0.114437i, ];
	
aux(:,:,2)=[
	-0.24204-0.0411411i, 0.00350019-0.192492i, 0.177507+0.149623i, 0.154816-0.337229i, 0.179442+0.0695665i, ;
	-0.143018+0.396779i, 0.0896315-0.143481i, 0.142455+0.159764i, 0.165867+0.305788i, 0.342273+0.428412i, ];
	
aux(:,:,3)=[
	0.400881-0.13849i, -0.131759+0.0714832i, 0.269565+0.0720679i, -0.286079+0.089376i, 0.350898-0.0664506i, ;
	-0.290547+0.214628i, -0.197095-0.0322319i, 0.0339487-0.0748585i, 0.383576+0.0602956i, -0.415921+0.0391133i, ];
	
aux(:,:,4)=[
	0.0226012-0.181366i, 0.0123877+0.0697326i, 0.168628+0.022414i, -0.243519-0.137672i, 0.0522442-0.0228347i, ;
	0.331476-0.365662i, -0.270581-0.0682072i, -0.181113-0.393742i, -0.21942+0.402646i, 0.0482135+0.359523i, ];
	
aux(:,:,5)=[
	0.278692+0.25255i, 0.573033-0.35036i, -0.0217256+0.230648i, -0.150479-0.10591i, -0.128966-0.108819i, ;
	-0.0157592+0.0276776i, -0.395999+0.106903i, -0.0455852+0.140193i, -0.0342181-0.252568i, 0.0814924+0.169802i, ];
	
tensors{7}=aux;clear aux;
aux(:,:,1)=[
	-0.0536807-0.206006i, -0.124068-0.336253i, -0.26709-0.263404i, -0.222876-0.26585i, -0.293287-0.33799i, ;
	-0.100952-0.0366725i, -0.106265-0.161057i, -0.189877-0.398266i, -0.230927-0.220734i, -0.114958-0.0787071i, ];
	
aux(:,:,2)=[
	-0.228815-0.234039i, 0.102002+0.106289i, -0.241379-0.284438i, 0.0616063-0.248479i, -0.0409862+0.147698i, ;
	-0.483028-0.00106481i, 0.115328+0.0918993i, -0.101622+0.489334i, 0.25196-0.213937i, 0.102508-0.135531i, ];
	
aux(:,:,3)=[
	0.0804862-0.125193i, -0.0363252-0.320306i, -0.220842+0.0563272i, 0.14736+0.351849i, -0.00119286+0.14357i, ;
	-0.0271756-0.39499i, 0.00194243-0.580083i, 0.158428+0.23788i, 0.02424+0.0931555i, -0.214438-0.160222i, ];
	
aux(:,:,4)=[
	0.0319882+0.368159i, 0.237147-0.28383i, 0.0358341-0.268499i, 0.251987-0.154361i, -0.061426+0.116284i, ;
	0.124464+0.0855938i, -0.0929383-0.0508916i, -0.207964+0.249578i, -0.115968-0.112195i, -0.305771+0.538076i, ];
	
aux(:,:,5)=[
	-0.262712-0.451955i, -0.0435339-0.25591i, -0.177135+0.312884i, 0.312811-0.0717968i, 0.292191-0.19172i, ;
	0.293001+0.0327041i, 0.277742+0.260507i, -0.181997+0.0757059i, -0.0574777+0.0601027i, -0.124599+0.10819i, ];
	
tensors{8}=aux;clear aux;
aux(:,:,1)=[
	-0.222526-0.276583i, -0.301332-0.360839i, -0.210882-0.178824i, -0.235115-0.146993i, -0.203783-0.0549216i, ;
	-0.197971-0.160147i, -0.177715-0.288255i, -0.181636-0.216097i, -0.268807-0.302075i, -0.17973-0.00931707i, ];
	
aux(:,:,2)=[
	-0.372356+0.237713i, -0.197321+0.229413i, 0.238239+0.152265i, 0.293716-0.320404i, -0.315733-0.29259i, ;
	-0.143105-0.174542i, -0.0249225+0.0813902i, -0.0389483-0.0494709i, 0.263887-0.0106826i, -0.195525-0.298289i, ];
	
