tensors={};
aux(:,:,1)=[
	0.0804177-0.0414165i, ;
	0.162494+0.24015i, ;
	0.360888+0.138043i, ;
	0.161528+0.231881i, ];
	
aux(:,:,2)=[
	0.1755-0.0292034i, ;
	0.151764-0.0252365i, ;
	0.0379782-0.0390856i, ;
	-0.428587-0.15342i, ];
	
aux(:,:,3)=[
	0.277692+0.177898i, ;
	-0.0684567+0.045679i, ;
	-0.277695-0.172609i, ;
	0.0309275-0.0122955i, ];
	
aux(:,:,4)=[
	0.0897497+0.000871814i, ;
	-0.250411-0.235256i, ;
	0.210798+0.0423138i, ;
	0.0272842+0.128223i, ];
	
tensors{1}=aux;clear aux;
aux(:,:,1)=[
	-0.0653008+0.304303i, -0.00919882-0.260482i, -0.0794727+0.32121i, -0.0126731+0.13294i, ;
	0.0525522+0.238551i, -0.14673+0.162637i, -0.144559+0.00808588i, 0.237942+0.175063i, ;
	0.300748+0.0680462i, 0.0699603-0.20258i, -0.125296-0.418719i, 0.13174+0.126952i, ;
	0.28721+0.365783i, -0.12959-0.238024i, -0.309607-0.0498923i, -0.201706-0.120374i, ];
	
aux(:,:,2)=[
	0.0492763+0.236171i, -0.204179+0.292992i, -0.0792617-0.258399i, 0.0684242+0.100382i, ;
	0.247697+0.0317452i, 0.153494-0.247936i, -0.145789-0.121196i, 0.0261866+0.0294379i, ;
	0.0597243-0.0133716i, -0.231844+0.242125i, -0.171919-0.0448177i, -0.174553-0.0907943i, ;
	0.0419953-0.116317i, 0.168895-0.287953i, 0.197201-0.0516253i, 0.112059+0.351989i, ];
	
aux(:,:,3)=[
	-0.155385+0.0690546i, 0.0364354+0.0455005i, -0.0793036+0.216568i, 0.232561-0.0699485i, ;
	-0.0899596-0.109297i, -0.00136974+0.0173329i, -0.020777-0.274968i, -0.0196404-0.319054i, ;
	0.135323-0.0311201i, 0.0859103-0.14088i, -0.196352-0.0565462i, 0.10535+0.00494646i, ;
	0.0178628-0.0255351i, 0.0478363-0.268195i, -0.0794963+0.0945718i, -0.270543+0.0460856i, ];
	
aux(:,:,4)=[
	0.0934724+0.173146i, 0.0201631+0.0417427i, -0.0370217-0.0462871i, -0.193992-0.0308831i, ;
	0.147045+0.0553231i, 0.242573+0.100747i, 0.0379382+0.120768i, 0.282615+0.0326827i, ;
	0.0544995-0.273825i, 0.166874+0.265477i, -0.0367186-0.273228i, -0.241556+0.0290116i, ;
	0.167699+0.0748828i, 0.066986-0.014755i, 0.0653421+0.059583i, -0.170111+0.0341946i, ];
	
aux(:,:,5)=[
	0.200028-0.222835i, 0.122778-0.0520456i, -0.00725893-0.0062882i, 0.136284-0.0700527i, ;
	0.0816405-0.173759i, -0.117024-0.094107i, 0.159547-0.268756i, -0.211667+0.129486i, ;
	-0.0675098+0.0998711i, 0.0102685+0.00532174i, 0.0381077-0.0595755i, 0.111314+0.134285i, ;
	0.00609087-0.0839973i, -0.0387909+0.083573i, 0.0374554-0.0629258i, 0.0525674+0.200033i, ];
	
aux(:,:,6)=[
	-0.00141466+0.00319766i, 0.00254953-0.00469534i, -0.00911843+0.00583955i, -0.00863442-0.0013426i, ;
	0.00305131-0.00116584i, 0.000125503-0.000941152i, 0.00128965+0.00118733i, -0.00083241+0.00291001i, ;
	-0.00237193-0.000145874i, -0.00284232+0.000969442i, -0.000627717+0.00210343i, 0.000917897-0.000189945i, ;
	-0.00499037+0.00297218i, 0.00258986+0.000458141i, -0.0106732+0.00891756i, -0.00424534+0.00116558i, ];
	
tensors{2}=aux;clear aux;
aux(:,:,1)=[
	-0.263184-0.222256i, -0.190085+0.0446771i, 0.0875761+0.16797i, 0.0808683-0.098908i, 0.04199+0.362488i, 0.0441182-0.0461193i, ;
	-0.313231-0.258328i, -0.188467-0.0983676i, 0.310211-0.111011i, -0.275813+0.0842888i, 0.0125914-0.106732i, 0.00346072+0.016321i, ;
	-0.224453-0.0571905i, -0.0716308-0.0900405i, -0.100385+0.0323598i, 0.0217553-0.120464i, -0.13753+0.16106i, -0.00646499+0.0332801i, ;
	0.0669061-0.199394i, -0.162354-0.0445117i, -0.176784-0.278317i, -0.316783-0.191501i, 0.177775+0.122726i, 0.0314797-0.0421919i, ];
	
aux(:,:,2)=[
	0.130848-0.0455458i, 0.0523198-0.180761i, -0.165071-0.027827i, -0.285303+0.123373i, -0.0329288+0.178922i, -0.065477-0.00962713i, ;
	0.0801541+0.118568i, -0.115573-0.26815i, -0.311466+0.00925393i, 0.00838312-0.339391i, 0.0726743+0.0887124i, -0.0291271+0.0262054i, ;
	-0.083146-0.0747716i, -0.0308408-0.0889608i, -0.30984-0.104739i, -0.0935755+0.0524566i, 0.139188+0.0450355i, -0.00108638+0.00642711i, ;
	-0.205231+0.223084i, -0.158703-0.0989399i, 0.0814718+0.139222i, 0.142116-0.0447054i, -0.16138-0.00472057i, -0.0986235+0.00212578i, ];
	
aux(:,:,3)=[
	0.0889864-0.400542i, 0.18541+0.180449i, 0.0379156+0.0274258i, -0.0409995+0.0675266i, 0.114034+0.266199i, -0.0423848+0.0202402i, ;
	0.037217-0.0978528i, -0.22877+0.155033i, -0.0604608+0.0578992i, -0.0187604-0.131329i, 0.160916-0.247788i, -0.0236972+0.0173433i, ;
	-0.27774-0.0317823i, 0.0677172+0.322742i, -0.145358+0.0130583i, 0.25528-0.272858i, 0.0989608+0.212058i, -0.00655624+0.0298192i, ;
	0.154925+0.264762i, 0.12713+0.181851i, 0.0218092+0.110896i, -0.0714819+0.180962i, 0.10468-0.00180471i, -0.0189598+0.00370139i, ];
	
aux(:,:,4)=[
	-0.0664138-0.00774247i, 0.118725-0.213147i, 0.139723-0.135434i, -0.077919+0.0903358i, 0.125496+0.159126i, -0.0503387+0.0321274i, ;
	0.150406+0.172372i, -0.135436-0.121608i, -0.117312-0.0774774i, 0.106371+0.286411i, 0.245366+0.188224i, 0.0127626-0.0460859i, ;
	0.00524706+0.0753595i, -0.271572-0.322078i, 0.299072+0.253696i, 0.0181732-0.0544163i, 0.025699+0.0471772i, -0.0067299-0.0053416i, ;
	0.0605362+0.0293658i, 0.0138209+0.155541i, 0.177902-0.0817797i, -0.156699+0.12306i, 0.0749819+0.140348i, -0.0289332+0.0463097i, ];
	
aux(:,:,5)=[
	-0.172058+0.0469328i, 0.100032+0.0135133i, -0.0450929+0.0428193i, -0.106781-0.0117527i, -0.303031+0.219864i, -0.0224528+0.00393651i, ;
	-0.0190236-0.0447698i, 0.225228-0.0695172i, 0.296508+0.262211i, 0.0633326+0.105298i, 0.208302+0.0174489i, 0.0205266-0.0417098i, ;
	-0.0713547+0.0398603i, 0.0373089-0.180896i, -0.103978-0.00106031i, -0.318962+0.0246728i, -0.131075-0.251558i, 0.0059536+0.0208028i, ;
	0.11901-0.0298446i, 0.0189326+0.120552i, 0.110823-0.028573i, -0.145398+0.0298194i, -0.0440512+0.0442444i, -0.0307096-0.0262397i, ];
	
aux(:,:,6)=[
	-0.00076467+0.0039459i, -0.00178386-0.00109151i, 0.00820661-0.00113899i, 0.00174484+3.12543e-05i, -0.00380818+0.0018686i, 0.692144-0.000159837i, ;
	-0.00145871-0.00102204i, -0.000745833+0.000121741i, -0.000263359-0.0016529i, 0.00067864-0.000469527i, -0.000453052-0.00130162i, -0.000274483+0.000114409i, ;
	-0.00069876+4.0048e-05i, -0.000618186+0.000532269i, 0.000676713-0.00196942i, -0.00068666-0.00193457i, 0.000804107+0.00158344i, -4.41295e-06+0.000182625i, ;
	0.000578732+0.00278639i, -0.000933898-0.00175737i, 0.00661157-0.00162888i, 0.00169926+0.00150023i, -0.00409426+0.000494932i, 0.692035-0.000322762i, ];
	
tensors{3}=aux;clear aux;
aux(:,:,1)=[
	-0.00126623-0.0970649i, 0.371035+0.121605i, -0.248435+0.0104197i, -0.121303+0.0332014i, 0.308496+0.159338i, -0.0223672-0.0304597i, ;
	-0.316157-0.208568i, -0.0597306+0.320692i, -0.0963422-0.0238049i, 0.0695968+0.216893i, 0.309589-0.0561219i, 0.0654136+0.0449973i, ;
	-0.293316-0.118328i, 0.136631+0.0593929i, -0.164602-0.0261559i, 0.364634+0.132439i, 0.0376167+0.215137i, 0.068898-0.0104282i, ;
	-0.00510025-0.244775i, 0.125501+0.246962i, -0.123325+0.0338855i, -0.215393+0.0371769i, 0.0504758+0.110043i, -0.0541768-0.0194928i, ];
	
aux(:,:,2)=[
	-0.421372-0.22246i, -0.00513675-0.0818581i, 0.0671275-0.366166i, 0.0893228-0.36963i, -0.146152-0.0302029i, -0.141227+0.0118829i, ;
	0.0984715+0.0597889i, 0.0385568-0.301619i, 0.017103-0.568185i, 0.166871+0.0364514i, 0.222863+0.275928i, -0.000981551-0.0655364i, ;
	0.23858-0.221703i, 0.0946702-0.111564i, -0.234869-0.268297i, 0.0869854+0.347244i, -0.237125-0.366729i, 0.0274465-0.00069098i, ;
	0.0709945+0.099495i, 0.133698+0.128967i, 0.107707-0.0390033i, 0.303722-0.136838i, -0.0132622+0.132346i, -0.127937+0.126253i, ];
	
aux(:,:,3)=[
	0.0315701+0.0607489i, 0.217803+0.123789i, -0.220595+0.0937855i, -0.042542+0.0504513i, -0.136557+0.24829i, -0.159029-0.0775268i, ;
	-0.023915-0.00209403i, 0.00307136+0.0769379i, 0.142128+0.0162283i, 0.055651-0.0214146i, -0.0647987+0.002436i, 0.0127734-0.00577467i, ;
	0.0175275+0.281669i, -0.0928364+0.26029i, -0.0564268-0.124699i, 0.11251+0.228776i, 0.13751+0.0346321i, -0.0204302+0.0312147i, ;
	-0.0466856+0.208454i, 0.0409342-0.186799i, -0.215671-0.0935678i, -0.058056+0.189159i, 0.00638975-0.00213583i, -0.165808-0.153459i, ];
	
