tensors={};
aux(:,:,1)=[
	-0.663279-0.245074i, ;
	-1.90735e-06-2.37935e-06i, ;
	-1.90735e-06-2.37935e-06i, ;
	-0.663279-0.245074i, ];
	
aux(:,:,2)=[
	-0.49719-0.502794i, ;
	-0.00040919-0.000369004i, ;
	0.00040919+0.000369004i, ;
	0.49719+0.502794i, ];
	
aux(:,:,3)=[
	-0.00040754-0.000370826i, ;
	0.549353+0.445209i, ;
	-0.549353-0.445209i, ;
	0.00040754+0.000370826i, ];
	
aux(:,:,4)=[
	1.89011e-06-2.39307e-06i, ;
	-0.66149+0.249861i, ;
	-0.66149+0.249861i, ;
	1.89011e-06-2.39307e-06i, ];
	
tensors{1}=aux;clear aux;
aux(:,:,1)=[
	-0.554807-0.439188i, -8.04205e-06-7.82096e-06i, -0.00043938-5.16892e-05i, 2.67677e-08-8.20078e-07i, ;
	-4.86463e-06-1.87828e-05i, -0.00110319+6.95038e-05i, -2.72111e-06-2.5707e-06i, 3.39261e-08+1.15738e-07i, ;
	-2.96481e-06-1.66339e-05i, 0.00146348+8.20597e-05i, 2.60445e-06+2.41058e-06i, -2.80218e-08-1.29588e-07i, ;
	-0.554135-0.438445i, 8.04792e-06+7.81553e-06i, 0.000438839+5.15341e-05i, 2.66608e-08-8.23032e-07i, ];
	
aux(:,:,2)=[
	-0.442072+0.487691i, -3.69814e-06-3.44911e-06i, -6.6385e-05+0.000363124i, 1.94092e-06-2.06282e-07i, ;
	-0.00127725+0.00138642i, 0.0757366-0.245544i, -9.59527e-05+8.71376e-05i, 0.000156461-5.64666e-05i, ;
	0.0012776-0.00138651i, 0.0757368-0.245542i, -9.60107e-05+8.71788e-05i, -0.000156461+5.64666e-05i, ;
	0.442653-0.488596i, -3.82382e-06-3.33936e-06i, -6.63971e-05+0.000363796i, -1.90525e-06+2.23088e-07i, ];
	
aux(:,:,3)=[
	-0.000395921-0.00161716i, -0.00157556+0.000238713i, 2.49612e-07-2.57571e-06i, -0.000215032-0.000358757i, ;
	0.193767+0.667457i, 0.000786406+0.000485388i, 0.0773836+0.110812i, 1.20161e-06-1.46663e-06i, ;
	-0.19765-0.66441i, 0.000789521+0.000499462i, 0.0779231+0.109985i, -1.19156e-06+1.47574e-06i, ;
	0.000395943+0.00161703i, -0.00056292-0.00176327i, 1.87602e-06+1.15005e-06i, -0.000357148+0.000330424i, ];
	
aux(:,:,4)=[
	1.18558e-05-2.66129e-06i, -0.278981+0.0644165i, 0.000232167-0.000463971i, -0.043998-0.0583913i, ;
	-0.614543-0.133724i, 0.00112394-0.00145958i, -0.124932+0.014155i, -7.31392e-08+1.74948e-06i, ;
	-0.617568-0.129204i, -0.00112483+0.00145226i, 0.125206-0.0151763i, -5.84847e-08+1.74938e-06i, ;
	1.99203e-05-1.3279e-05i, 0.278981-0.0644062i, -0.000232176+0.000463968i, -0.0439956-0.0583926i, ];
	
aux(:,:,5)=[
	-0.138969+0.216139i, -9.80552e-06-1.20111e-06i, -4.27123e-06-0.000116157i, 1.27177e-06-5.10513e-06i, ;
	0.000351277-0.000111469i, -0.0882448+0.652828i, 0.000155042+0.000325961i, 0.000441496-0.000246328i, ;
	-0.00035129+0.00011146i, -0.0882448+0.652828i, 0.000155033+0.000325955i, -0.000441496+0.000246328i, ;
	0.138969-0.216139i, -9.81605e-06-1.20795e-06i, -4.26934e-06-0.000116157i, -1.27234e-06+5.11626e-06i, ];
	
aux(:,:,6)=[
	-4.63449e-05+9.955e-05i, 0.000229164+0.00412526i, 2.61217e-06-4.59359e-06i, -0.00244675+0.00125143i, ;
	0.0776393-0.110395i, 0.000251772-0.00035544i, -0.195662+0.66594i, -7.97228e-06+8.49048e-06i, ;
	-0.0776393+0.110395i, 0.000251866-0.000355393i, -0.195662+0.66594i, 7.97202e-06-8.49124e-06i, ;
	4.63449e-05-9.95499e-05i, 0.000229151+0.00412525i, 2.64396e-06-4.57293e-06i, 0.00244675-0.00125142i, ];
	
tensors{2}=aux;clear aux;
aux(:,:,1)=[
	-0.00570642+0.0648476i, -0.250047+0.2743i, 4.07226e-05+0.00141552i, 0.0678312+0.215071i, -0.00136298+0.00108475i, -6.62277e-07+3.6263e-05i, ;
	0.332478+0.346665i, 0.0676548-0.0295851i, 0.251335+0.0485058i, -0.000795717+0.000422524i, -9.79448e-05+4.3941e-05i, -0.00161508+0.00138397i, ;
	0.331863+0.345632i, 0.066602-0.0266215i, -0.251079-0.0484512i, 0.000792346-0.000439453i, -8.87933e-05+2.11494e-06i, 0.00162368-0.00139256i, ;
	-0.0660277-0.111193i, 0.250008-0.274256i, -0.000540576+0.00026901i, 0.0678357+0.215075i, 0.0013628-0.00108458i, 1.24458e-05-4.38632e-05i, ];
	
aux(:,:,2)=[
	-0.161451+0.533967i, 0.0617626-0.0119219i, 0.000903613+0.00110893i, 0.0123738-0.0359289i, 0.000292501-1.01652e-05i, 4.66011e-05-2.44408e-06i, ;
	-0.0108056-0.0775537i, 0.416191+0.102696i, -0.0289449-0.0313757i, 0.00079696-0.00103703i, -0.000522908-0.000221581i, 0.000391954-3.03713e-05i, ;
	-0.00966695-0.0834433i, 0.416649+0.102367i, 0.0293591+0.032113i, -0.000801344+0.00103909i, -0.000528327-0.00021683i, -0.000324903+2.09658e-05i, ;
	0.171974-0.513512i, -0.0617227+0.0118958i, 0.000842923+0.00132056i, 0.0123587-0.0359176i, -0.000294029+1.03605e-05i, 3.62747e-05+7.7301e-06i, ];
	
aux(:,:,3)=[
	-0.457117+0.534969i, -0.0145142-0.0177564i, 0.000162142+0.00191251i, -0.0140697+0.00229074i, -5.63472e-05-9.5805e-05i, 5.56534e-05+2.97356e-05i, ;
	-0.0229622+0.027586i, -0.00259964-0.0039155i, -0.0011753+0.0194239i, -6.75864e-05-4.8697e-05i, -3.93332e-06+4.18036e-06i, -3.90638e-05-0.00011784i, ;
	-0.0263457+0.0077701i, 0.00281478-0.00139564i, 0.00940098-0.0111644i, 1.18572e-05+6.51337e-05i, -1.72715e-06+7.28676e-06i, 0.000106013+0.000109972i, ;
	-0.463929+0.534265i, 0.0153321+0.0184967i, -0.000233146-0.00199791i, -0.0140611+0.0023514i, 5.72663e-05+9.56089e-05i, -5.57221e-05-3.02613e-05i, ];
	
aux(:,:,4)=[
	-0.00922889+0.00998758i, -0.00277699+0.000407044i, -3.81809e-06+4.41078e-05i, -0.000636228+0.0015744i, -2.97552e-05-2.57677e-08i, 7.55721e-07+9.50602e-07i, ;
	-0.00646876-0.611201i, 0.000930884-0.00021714i, -0.207781-0.287363i, 0.00137874+9.60085e-05i, 0.000149908-0.000114105i, -0.00205352-9.80859e-05i, ;
	0.0055416+0.611812i, 0.00193852-7.93152e-05i, -0.207566-0.287916i, 0.00139418+9.82262e-05i, 0.000149955-0.000114064i, -0.00205102-9.3816e-05i, ;
	-0.00846968+0.0049745i, -0.00225959+0.00109008i, 1.11311e-05-2.60261e-05i, 0.000118071-0.00150893i, -2.78157e-05+3.55739e-06i, -8.84395e-07-3.15175e-07i, ];
	
aux(:,:,5)=[
	0.288492-0.212764i, -0.000135443-0.000202937i, -0.00010577+0.00062361i, 1.08719e-05+7.26065e-06i, -3.40758e-06-2.0523e-06i, -0.000137441-0.000133624i, ;
	0.00158055-0.00193078i, 0.296381+0.350298i, -0.000246652+0.00281228i, 0.000682304-0.000261403i, -0.20515-0.344747i, 0.000689367+0.000866247i, ;
	-0.00109484+0.00142907i, 0.296383+0.350301i, -0.000251693+0.00280929i, -0.00069774+0.000245871i, -0.20515-0.344747i, 0.000689466+0.000866259i, ;
	-0.288492+0.212764i, 0.00014352+0.000265772i, -0.000105777+0.000623474i, -1.42263e-05-1.08253e-05i, -3.30581e-06-2.03076e-06i, -0.00013744-0.000133624i, ];
	
aux(:,:,6)=[
	0.00145176-0.00120347i, -0.00206985+4.75551e-05i, 4.97272e-06+1.44821e-05i, -0.000283642+0.000477686i, 0.000574608+8.22193e-05i, 5.06478e-07+2.81714e-06i, ;
	-0.0726445+0.328671i, 0.000181522+0.00141939i, -0.224352-0.533645i, 0.00216802+0.000664427i, -0.00493797-0.000458728i, -0.218568-0.0614396i, ;
	0.0726465-0.328671i, -0.000305698+0.00126053i, -0.224352-0.533645i, 0.00216908+0.00066399i, -0.0049384-0.000458476i, -0.218568-0.0614396i, ;
	-0.00145137+0.0012066i, -0.00206827+4.99224e-05i, 9.47991e-06+1.38604e-05i, 0.000283541-0.000477726i, 0.000574603+8.22156e-05i, 3.91736e-07+2.89458e-06i, ];
	
tensors{3}=aux;clear aux;
aux(:,:,1)=[
	-0.388922-0.262697i, -0.293988+0.162461i, -0.0131483+0.020063i, -0.00182958+0.000435943i, 0.00415977-0.00719698i, 4.94246e-05-2.26117e-05i, ;
	0.0112215+0.0134378i, -0.0028301-0.00250039i, -0.189386+0.208952i, -0.292051+0.0330559i, -1.71761e-05+3.36332e-07i, 0.00469555-0.00159957i, ;
	0.0105759+0.0132849i, -0.00584932-0.00081165i, -0.198935+0.208386i, 0.286833-0.0252843i, 1.71722e-05-3.07131e-07i, -0.00469555+0.00159957i, ;
	-0.258061-0.233696i, 0.431351-0.160093i, -0.0121101+0.0249025i, 0.00139845+0.000404398i, -0.00415977+0.00719698i, -4.94246e-05+2.26116e-05i, ];
	
aux(:,:,2)=[
	-0.0198729-0.014405i, 0.0065772+0.000714264i, 0.191077-0.358019i, 0.00398718-0.00744532i, -9.81538e-07+7.53466e-07i, 2.01477e-05-1.98967e-05i, ;
	-0.0992545+0.00333413i, -0.44363+0.357092i, -0.00134066-0.00471131i, -0.00137721+0.000564681i, -0.00513818+0.0188973i, -1.78517e-05-4.35953e-05i, ;
	-0.0930779+0.0045541i, -0.444611+0.357546i, -0.0019088-0.00162799i, -0.0013781+0.000615362i, -0.00513818+0.0188973i, -1.78458e-05-4.35932e-05i, ;
	0.0198693+0.0144103i, -0.00657473-0.000677866i, -0.191142+0.358046i, -0.000360069+0.00515477i, -9.72662e-07+7.49236e-07i, 2.01501e-05-1.98967e-05i, ];
	
