tensors={};
aux(:,:,1)=[
	-0.664898-0.238865i, ;
	6.5559e-08+1.26164e-06i, ;
	-7.66728e-07+8.94001e-07i, ;
	-0.666035-0.239273i, ];
	
aux(:,:,2)=[
	-0.62987-0.00859883i, ;
	-0.182418-0.371528i, ;
	-0.121125+0.147491i, ;
	0.628794+0.00858476i, ];
	
aux(:,:,3)=[
	0.143603+0.285059i, ;
	0.459748-0.703096i, ;
	-0.257675-0.156453i, ;
	-0.143359-0.284573i, ];
	
aux(:,:,4)=[
	-0.0451769-0.0110948i, ;
	-0.342616-0.0747816i, ;
	0.082945-0.930495i, ;
	0.0450979+0.0110768i, ];
	
tensors{1}=aux;clear aux;
aux(:,:,1)=[
	-0.66496-0.236138i, -0.000177421-0.000141562i, 0.000103753-4.6571e-05i, -1.58908e-05-8.99141e-06i, ;
	-4.66108e-07-9.62143e-06i, -1.21687e-06-4.71975e-05i, -8.1346e-05-1.25702e-05i, -0.000140401+0.000207188i, ;
	7.59824e-06-9.3647e-06i, -0.000108802+5.01171e-05i, -2.54037e-05+0.000229354i, -8.69312e-05-4.40711e-05i, ;
	-0.667714-0.237117i, 0.000176671+0.000140964i, -0.000103319+4.63767e-05i, 1.58297e-05+8.96135e-06i, ];
	
aux(:,:,2)=[
	-0.00367774+0.0125914i, -0.0358737+0.0606893i, 0.0683003+0.122173i, -0.042722+0.0149972i, ;
	-0.939784+0.281275i, 0.0115984-5.28341e-05i, -0.00265459+0.00325316i, -0.00422647-0.00295772i, ;
	-0.0109362+0.0892707i, 0.00230022+0.00306956i, 0.00701217-0.00148776i, -0.000500416+0.00301616i, ;
	0.00366189-0.0125551i, 0.0105868-0.0187023i, -0.0206228-0.0361974i, 0.0133587-0.00410365i, ];
	
aux(:,:,3)=[
	0.00265581-0.00746808i, 0.00795075-0.0218772i, -0.0374895-0.0220911i, -0.118838+0.114603i, ;
	-0.0137497+0.0890698i, -0.00179036-0.000834591i, 0.000425714+0.00246593i, 0.00632099+0.0034534i, ;
	-0.828111-0.523777i, -0.000286324+0.000863235i, 0.00902708-0.00136504i, -0.000893737+0.00329556i, ;
	-0.00264075+0.00741163i, -0.00389532+0.00727705i, 0.00804646+0.00500048i, 0.0294573-0.0277265i, ];
	
aux(:,:,4)=[
	0.0508452+0.652766i, 0.021873-0.0874603i, 0.0306413+0.0326896i, -0.00959881+0.00707977i, ;
	0.0161841-0.0105554i, 0.0930411-0.0287967i, -0.0311149-0.0679636i, -0.273308-0.052897i, ;
	-0.0120645-0.00338159i, -0.0524104-0.0460261i, -0.164723+0.0556691i, 0.00413958-0.068852i, ;
	-0.0506177-0.649864i, 0.0146459-0.0473149i, 0.00625138-0.00164354i, 0.0177283-0.0196204i, ];
	
aux(:,:,5)=[
	-0.0420482+0.246793i, -0.148935+0.270763i, -0.0872631-0.128824i, -0.0112207+0.0252901i, ;
	0.0117733-0.00377776i, -0.0444398+0.0241298i, -0.0110235+0.191744i, 0.475313+0.212724i, ;
	0.00928959+0.00553275i, 0.168013+0.237944i, 0.47213-0.0263998i, -0.0585263+0.200279i, ;
	0.041953-0.246228i, -0.119291+0.225057i, -0.0773979-0.137771i, 0.0398905-0.0121947i, ];
	
aux(:,:,6)=[
	0.0205523+0.0586015i, -0.0028833+0.0790259i, -0.114791-0.0618695i, 0.0123069+0.0225219i, ;
	-0.0331286+0.0284989i, -0.538627+0.237645i, 0.0918128-0.135096i, 0.380353-0.00485568i, ;
	0.00874831+0.000779677i, -0.122402-0.0705507i, -0.407251+0.25692i, -0.0274815-0.179072i, ;
	-0.0204546-0.0583231i, -0.0125301+0.278778i, 0.233688+0.156507i, -0.0824265+0.00613068i, ];
	
tensors{2}=aux;clear aux;
aux(:,:,1)=[
	-0.663937-0.234047i, -8.22151e-06+9.52704e-06i, -9.53633e-06+1.66655e-05i, 0.000118632-0.000125523i, -9.39978e-05+0.000168006i, 1.55047e-06-9.38117e-07i, ;
	1.04856e-06+1.7117e-05i, 4.62844e-05-7.31949e-05i, -0.000935281-0.000109695i, -2.23674e-06-1.23819e-06i, 1.37655e-05+2.01363e-06i, 2.91087e-06+1.98738e-06i, ;
	-1.80978e-05+2.40245e-05i, -0.000538072-0.000789499i, 4.48962e-05-7.5099e-05i, 1.72197e-05+3.95257e-05i, 1.44286e-05+1.86196e-05i, -4.27408e-06-2.18674e-05i, ;
	-0.669816-0.236123i, 8.03482e-06-9.28363e-06i, 9.39186e-06-1.65016e-05i, -0.000117595+0.000124408i, 9.30664e-05-0.000166293i, -1.53221e-06+9.34383e-07i, ];
	
aux(:,:,2)=[
	-0.54108+0.425183i, -0.0157453-0.0382205i, -0.00800881-0.0176608i, -0.00932841-0.0349891i, 0.00199929+0.00383542i, 5.20119e-05-0.0036665i, ;
	-0.0432898-0.0281521i, 0.00514851+0.0144078i, 0.102059-0.122591i, -0.0391665+0.0302306i, -0.0120995+0.0152072i, -0.00643794+0.00296538i, ;
	-0.0184631-0.0145774i, 0.117079-0.0067788i, 0.0053301+0.00952092i, -0.060778-0.00749915i, -0.0249515+0.00284789i, 0.0180897+0.00694979i, ;
	0.536021-0.421201i, 0.0119739+0.034579i, 0.0196269+0.0402372i, -0.0105436-0.0400986i, 0.0252814+0.0466279i, -0.000113125+0.00404764i, ];
	
aux(:,:,3)=[
	-0.0165486-0.0201395i, -0.0716149+0.0575687i, -0.066267+0.0565194i, 0.0381473-0.0238362i, 0.0162828-0.0173063i, 0.0077296-0.0040245i, ;
	-0.13548+0.543421i, -0.00379904+0.00857621i, 0.102056+0.037837i, 0.0428601+0.0234472i, 0.00309472-0.00201249i, -0.00874577-0.0129929i, ;
	-0.649052+0.458492i, -0.0318857-0.0719517i, 0.00622635-0.00224373i, -0.0191256-0.074202i, -0.0229166-0.0446172i, -0.00149336+0.0389303i, ;
	0.0164038+0.0199612i, 0.0222676-0.0306391i, -0.0180986+0.0283256i, 0.0331033-0.020071i, 0.000593301-0.0011621i, 0.00506148-0.00106913i, ];
	
aux(:,:,4)=[
	0.0260401-0.0312172i, -0.0958719-0.175104i, 0.0480686+0.042851i, -0.00608325-0.018003i, -0.00193508-0.00231109i, 0.000776453+0.010981i, ;
	-0.682334-0.351631i, -0.00195916+0.0091973i, 0.0257546-0.0417483i, -0.127065+0.103537i, -0.0274596+0.0368471i, 0.00432806-0.00213372i, ;
	0.205095+0.516296i, -0.0581655+0.0132575i, -0.000172585-0.0050158i, -0.0324854-0.000829103i, -0.02486+0.00524809i, 0.0226399+0.0077149i, ;
	-0.0258057+0.0309295i, 0.0576299+0.115665i, -0.00348535+0.0142474i, -0.00261178-0.00973973i, -0.00227023-0.00260649i, 0.000247718+0.00155609i, ];
	
aux(:,:,5)=[
	-0.00490673-0.00446541i, -0.255654+0.225577i, 0.0239296-0.05975i, 0.0181686-0.00878378i, 0.0254791-0.0241813i, 0.0803893-0.0238394i, ;
	0.0632645-0.231975i, -0.0156324+0.0262824i, 0.339498+0.149114i, 0.406505+0.312019i, 0.195373+0.0846839i, 0.0543386+0.0688169i, ;
	0.0388258-0.00637092i, -0.118721-0.367579i, 0.0267745-0.0220467i, -0.0254596-0.188634i, -0.0289565-0.0713697i, -0.00359435+0.0364841i, ;
	0.00487323+0.00442662i, 0.285503-0.2571i, -0.064188+0.107009i, 0.0131712-0.00642397i, -0.00193207+0.00186259i, 0.0100913-0.00182338i, ];
	
aux(:,:,6)=[
	-0.0760386+0.0281195i, 0.025435+0.246191i, 0.0065561+0.145064i, -0.00739872+0.165684i, 0.0088331+0.0476775i, 0.00619377-0.0259762i, ;
	-0.0997726-0.107006i, 0.000507436-0.0448354i, -0.361363+0.247854i, 0.33824-0.126755i, 0.131619-0.0905988i, 0.057663-0.00641749i, ;
	1.34958e-05+0.193304i, 0.388015+0.101725i, 0.000640728+0.0351296i, 0.318834+0.149871i, 0.132004+0.0261286i, -0.0988209-0.0783179i, ;
	0.0754542-0.0279049i, -0.0178899-0.271578i, -0.024705-0.239304i, -0.00485579+0.0945948i, 0.00292754+0.017852i, 0.00456624-0.0184615i, ];
	
tensors{3}=aux;clear aux;
aux(:,:,1)=[
	-0.66361-0.234459i, -0.000175587-0.000760539i, -7.71842e-06+6.10527e-06i, 2.60071e-06+5.44437e-05i, -1.45047e-05+7.75473e-07i, -2.76343e-05-4.57222e-05i, ;
	8.23383e-07+2.67633e-05i, -1.05401e-05+2.41139e-06i, -6.39929e-05-0.000225392i, 0.00014333-8.07067e-05i, -1.34847e-06-1.61246e-05i, 1.09946e-05-1.23529e-05i, ;
	-1.11169e-05+1.00991e-05i, -1.79178e-05+1.71847e-07i, 6.9401e-05-0.000152619i, -0.000217122-4.44699e-05i, -6.99262e-05+0.000153983i, -9.47044e-05+1.16324e-05i, ;
	-0.66981-0.236653i, 0.000172792+0.000747451i, 8.42201e-06-6.09853e-06i, -3.12622e-06-5.49231e-05i, 1.51649e-05-7.61839e-07i, 2.8604e-05+4.728e-05i, ];
	
aux(:,:,2)=[
	-0.504288+0.248505i, -0.00939019-0.00581225i, 0.000998945-0.000596688i, 0.0104509+0.00691179i, -0.00493692+0.00385265i, -0.0238507-0.00639012i, ;
	-0.298821-0.286694i, -0.00982596+0.0422308i, -0.0220035-0.011164i, 0.00543143-0.0216438i, 0.0240226+0.0104306i, -0.00513504-0.0371007i, ;
	-0.037812-0.430378i, -0.0305938+0.0239786i, -0.0120685-0.0366397i, -0.047525+0.0315639i, -0.0109068-0.0288843i, 0.0033971-0.00417583i, ;
	0.499607-0.246194i, -0.0341615-0.0213729i, 0.0122847-0.010603i, -0.00851856-0.00333046i, 0.00799063-0.00592329i, 0.0156678+0.00466423i, ];
	
