[Jxx01 = -2.1479024623001721,
Jzz01= -3.5696913640568502, 
Jxx02 =5.6651149839421278, 
Jzz02 = 0.030836447833296022, 
Jxx03 = -1.5716139908102669, 
Jzz03 = 0.027981066837721006,
Jxx04 = 7.59049451705551, 
Jzz04 = -5.3492355650473287e-05, 
Jxx23 = 0.14261283019750687, 
Jzz23 = 2.6283250936391274, 
Jxx24 = -0.52509833523801053, 
Jzz24 = -5.43356471463778e-05,
Jz0 = -3.7160159940993296, 
Jx2 = -1.1483217005766562]

